Simbolo   First   Last   Nullable   
'DIGITO' - 1 - 1 - False
'DIGITO' - 2 - 2 - False
* - 2 - 2 - True
. - 1 - 1,2 - False
'"' - 3 - 3 - False
'CHARSET' - 4 - 4 - False
. - 3 - 4 - False
'"' - 5 - 5 - False
. - 3 - 5 - False
''' - 6 - 6 - False
'CHARSET' - 7 - 7 - False
. - 6 - 7 - False
''' - 8 - 8 - False
. - 6 - 8 - False
| - 3,6 - 5,8 - False
| - 1,3,6 - 1,2,5,8 - False
'=' - 9 - 9 - False
| - 1,3,6,9 - 1,2,5,8,9 - False
'<' - 10 - 10 - False
'>' - 11 - 11 - False
. - 10 - 11 - False
| - 1,3,6,9,10 - 1,2,5,8,9,11 - False
'<' - 12 - 12 - False
| - 1,3,6,9,10,12 - 1,2,5,8,9,11,12 - False
'>' - 13 - 13 - False
| - 1,3,6,9,10,12,13 - 1,2,5,8,9,11,12,13 - False
'>' - 14 - 14 - False
'=' - 15 - 15 - False
. - 14 - 15 - False
| - 1,3,6,9,10,12,13,14 - 1,2,5,8,9,11,12,13,15 - False
'<' - 16 - 16 - False
'=' - 17 - 17 - False
. - 16 - 17 - False
| - 1,3,6,9,10,12,13,14,16 - 1,2,5,8,9,11,12,13,15,17 - False
'+' - 18 - 18 - False
| - 1,3,6,9,10,12,13,14,16,18 - 1,2,5,8,9,11,12,13,15,17,18 - False
'-' - 19 - 19 - False
| - 1,3,6,9,10,12,13,14,16,18,19 - 1,2,5,8,9,11,12,13,15,17,18,19 - False
'O' - 20 - 20 - False
'R' - 21 - 21 - False
. - 20 - 21 - False
| - 1,3,6,9,10,12,13,14,16,18,19,20 - 1,2,5,8,9,11,12,13,15,17,18,19,21 - False
'*' - 22 - 22 - False
| - 1,3,6,9,10,12,13,14,16,18,19,20,22 - 1,2,5,8,9,11,12,13,15,17,18,19,21,22 - False
'A' - 23 - 23 - False
'N' - 24 - 24 - False
. - 23 - 24 - False
'D' - 25 - 25 - False
. - 23 - 25 - False
| - 1,3,6,9,10,12,13,14,16,18,19,20,22,23 - 1,2,5,8,9,11,12,13,15,17,18,19,21,22,25 - False
'M' - 26 - 26 - False
'O' - 27 - 27 - False
. - 26 - 27 - False
'D' - 28 - 28 - False
. - 26 - 28 - False
| - 1,3,6,9,10,12,13,14,16,18,19,20,22,23,26 - 1,2,5,8,9,11,12,13,15,17,18,19,21,22,25,28 - False
'D' - 29 - 29 - False
'I' - 30 - 30 - False
. - 29 - 30 - False
'V' - 31 - 31 - False
. - 29 - 31 - False
| - 1,3,6,9,10,12,13,14,16,18,19,20,22,23,26,29 - 1,2,5,8,9,11,12,13,15,17,18,19,21,22,25,28,31 - False
'N' - 32 - 32 - False
'O' - 33 - 33 - False
. - 32 - 33 - False
'T' - 34 - 34 - False
. - 32 - 34 - False
| - 1,3,6,9,10,12,13,14,16,18,19,20,22,23,26,29,32 - 1,2,5,8,9,11,12,13,15,17,18,19,21,22,25,28,31,34 - False
'(' - 35 - 35 - False
'*' - 36 - 36 - False
. - 35 - 36 - False
| - 1,3,6,9,10,12,13,14,16,18,19,20,22,23,26,29,32,35 - 1,2,5,8,9,11,12,13,15,17,18,19,21,22,25,28,31,34,36 - False
'*' - 37 - 37 - False
')' - 38 - 38 - False
. - 37 - 38 - False
| - 1,3,6,9,10,12,13,14,16,18,19,20,22,23,26,29,32,35,37 - 1,2,5,8,9,11,12,13,15,17,18,19,21,22,25,28,31,34,36,38 - False
';' - 39 - 39 - False
| - 1,3,6,9,10,12,13,14,16,18,19,20,22,23,26,29,32,35,37,39 - 1,2,5,8,9,11,12,13,15,17,18,19,21,22,25,28,31,34,36,38,39 - False
'.' - 40 - 40 - False
| - 1,3,6,9,10,12,13,14,16,18,19,20,22,23,26,29,32,35,37,39,40 - 1,2,5,8,9,11,12,13,15,17,18,19,21,22,25,28,31,34,36,38,39,40 - False
'{' - 41 - 41 - False
| - 1,3,6,9,10,12,13,14,16,18,19,20,22,23,26,29,32,35,37,39,40,41 - 1,2,5,8,9,11,12,13,15,17,18,19,21,22,25,28,31,34,36,38,39,40,41 - False
'}' - 42 - 42 - False
| - 1,3,6,9,10,12,13,14,16,18,19,20,22,23,26,29,32,35,37,39,40,41,42 - 1,2,5,8,9,11,12,13,15,17,18,19,21,22,25,28,31,34,36,38,39,40,41,42 - False
'(' - 43 - 43 - False
| - 1,3,6,9,10,12,13,14,16,18,19,20,22,23,26,29,32,35,37,39,40,41,42,43 - 1,2,5,8,9,11,12,13,15,17,18,19,21,22,25,28,31,34,36,38,39,40,41,42,43 - False
')' - 44 - 44 - False
| - 1,3,6,9,10,12,13,14,16,18,19,20,22,23,26,29,32,35,37,39,40,41,42,43,44 - 1,2,5,8,9,11,12,13,15,17,18,19,21,22,25,28,31,34,36,38,39,40,41,42,43,44 - False
'[' - 45 - 45 - False
| - 1,3,6,9,10,12,13,14,16,18,19,20,22,23,26,29,32,35,37,39,40,41,42,43,44,45 - 1,2,5,8,9,11,12,13,15,17,18,19,21,22,25,28,31,34,36,38,39,40,41,42,43,44,45 - False
']' - 46 - 46 - False
| - 1,3,6,9,10,12,13,14,16,18,19,20,22,23,26,29,32,35,37,39,40,41,42,43,44,45,46 - 1,2,5,8,9,11,12,13,15,17,18,19,21,22,25,28,31,34,36,38,39,40,41,42,43,44,45,46 - False
'.' - 47 - 47 - False
'.' - 48 - 48 - False
. - 47 - 48 - False
| - 1,3,6,9,10,12,13,14,16,18,19,20,22,23,26,29,32,35,37,39,40,41,42,43,44,45,46,47 - 1,2,5,8,9,11,12,13,15,17,18,19,21,22,25,28,31,34,36,38,39,40,41,42,43,44,45,46,48 - False
':' - 49 - 49 - False
| - 1,3,6,9,10,12,13,14,16,18,19,20,22,23,26,29,32,35,37,39,40,41,42,43,44,45,46,47,49 - 1,2,5,8,9,11,12,13,15,17,18,19,21,22,25,28,31,34,36,38,39,40,41,42,43,44,45,46,48,49 - False
',' - 50 - 50 - False
| - 1,3,6,9,10,12,13,14,16,18,19,20,22,23,26,29,32,35,37,39,40,41,42,43,44,45,46,47,49,50 - 1,2,5,8,9,11,12,13,15,17,18,19,21,22,25,28,31,34,36,38,39,40,41,42,43,44,45,46,48,49,50 - False
':' - 51 - 51 - False
'=' - 52 - 52 - False
. - 51 - 52 - False
| - 1,3,6,9,10,12,13,14,16,18,19,20,22,23,26,29,32,35,37,39,40,41,42,43,44,45,46,47,49,50,51 - 1,2,5,8,9,11,12,13,15,17,18,19,21,22,25,28,31,34,36,38,39,40,41,42,43,44,45,46,48,49,50,52 - False
'LETRA' - 53 - 53 - False
'LETRA' - 54 - 54 - False
'DIGITO' - 55 - 55 - False
| - 54,55 - 54,55 - False
* - 54,55 - 54,55 - True
. - 53 - 53,54,55 - False
| - 1,3,6,9,10,12,13,14,16,18,19,20,22,23,26,29,32,35,37,39,40,41,42,43,44,45,46,47,49,50,51,53 - 1,2,5,8,9,11,12,13,15,17,18,19,21,22,25,28,31,34,36,38,39,40,41,42,43,44,45,46,48,49,50,52,53,54,55 - False
# - 56 - 56 - False
. - 1,3,6,9,10,12,13,14,16,18,19,20,22,23,26,29,32,35,37,39,40,41,42,43,44,45,46,47,49,50,51,53 - 56 - False
